service_id,monday,tuesday,wednesday,thursday,friday,saturday,sunday,start_date,end_date
1,0,0,0,0,0,0,1,20200519,20200817
10,0,0,0,0,1,0,0,20200519,20200817
13,1,1,1,1,1,0,0,20200519,20200817
14,0,0,0,0,0,1,0,20200519,20200817
15,1,1,1,1,1,0,0,20200519,20200817
19,0,0,1,0,0,0,0,20200519,20200817
20,0,0,0,0,0,0,1,20200519,20200817
21,0,0,0,0,0,0,1,20200519,20200817
23,1,0,0,0,0,0,0,20200519,20200817
25,0,0,0,1,0,0,0,20200519,20200817
28,1,1,1,1,1,0,0,20200519,20200817
29,1,1,1,1,1,0,0,20200519,20200817
31,1,0,0,0,0,0,0,20200519,20200817
32,1,1,1,1,1,0,0,20200519,20200817
33,0,0,0,0,0,1,1,20200519,20200817
34,0,1,0,0,0,0,0,20200519,20200817
35,0,0,0,1,0,0,0,20200519,20200817
36,0,0,0,0,1,0,0,20200519,20200817
38,1,1,1,1,0,0,0,20200519,20200817
39,0,1,1,1,1,0,0,20200519,20200817
40,1,1,1,0,1,0,0,20200519,20200817
41,1,0,1,1,1,0,0,20200519,20200817
42,1,1,0,1,1,0,0,20200519,20200817
46,1,0,1,1,1,0,0,20200519,20200817
53,1,1,1,0,0,0,0,20200519,20200817
60,1,1,1,1,0,0,0,20200519,20200817
61,1,0,1,0,1,0,0,20200519,20200817
62,0,1,0,1,0,0,0,20200519,20200817
71,1,0,0,0,0,0,0,20200519,20200817
72,0,1,0,0,0,0,0,20200519,20200817
73,0,0,1,0,0,0,0,20200519,20200817
80,1,0,0,0,1,0,0,20200519,20200817
88,0,0,0,0,0,0,1,20200519,20200817
127,0,0,0,0,0,1,0,20200519,20200817
128,0,0,0,0,0,0,1,20200519,20200817
134,1,0,0,0,0,0,0,20200519,20200817
143,1,1,1,1,0,0,0,20200519,20200817
180,1,1,1,1,1,0,0,20200519,20200817
183,0,0,0,0,0,1,1,20200519,20200817
184,0,0,0,0,0,0,1,20200519,20200817
202,1,0,1,0,0,0,0,20200519,20200817
203,0,0,0,0,0,0,0,20200519,20200817
204,0,0,0,0,0,0,0,20200519,20200817
205,0,0,0,0,0,0,0,20200519,20200817
206,0,0,0,0,0,0,0,20200519,20200817
207,0,0,0,0,0,0,0,20200519,20200817
208,0,0,0,0,0,0,0,20200519,20200817
209,0,0,0,0,0,0,0,20200519,20200817
210,0,0,0,0,0,0,0,20200519,20200817
211,0,0,0,0,0,0,0,20200519,20200817
212,0,0,0,0,0,0,0,20200519,20200817
213,0,0,0,0,0,0,0,20200519,20200817
215,0,0,0,0,0,0,0,20200519,20200817
216,0,0,0,0,0,0,0,20200519,20200817
217,0,0,0,0,0,0,0,20200519,20200817
218,0,0,0,0,0,0,0,20200519,20200817
219,0,0,0,0,0,0,0,20200519,20200817
220,0,0,0,0,0,0,0,20200519,20200817
221,0,0,0,0,0,0,0,20200519,20200817
223,0,0,0,0,0,0,0,20200519,20200817
224,0,0,0,0,0,0,0,20200519,20200817
225,0,0,0,0,0,0,0,20200519,20200817
226,0,0,0,0,0,0,0,20200519,20200817
227,0,0,0,0,0,0,0,20200519,20200817
228,0,0,0,0,0,0,0,20200519,20200817
229,0,0,0,0,0,0,0,20200519,20200817
230,0,0,0,0,0,0,0,20200519,20200817
231,0,0,0,0,0,0,0,20200519,20200817
232,0,0,0,0,0,0,0,20200519,20200817
233,0,0,0,0,0,0,0,20200519,20200817
234,0,0,0,0,0,0,0,20200519,20200817
237,0,0,0,0,0,0,0,20200519,20200817
238,0,0,0,0,0,0,0,20200519,20200817
239,0,0,0,0,0,0,0,20200519,20200817
240,0,0,0,0,0,0,0,20200519,20200817
241,0,0,0,0,0,0,0,20200519,20200817
242,0,0,0,0,0,0,0,20200519,20200817
243,0,0,0,0,0,0,0,20200519,20200817
244,0,0,0,0,0,0,0,20200519,20200817
245,0,0,0,0,0,0,0,20200519,20200817
246,0,0,0,0,0,0,0,20200519,20200817
247,0,0,0,0,0,0,0,20200519,20200817
248,0,0,0,0,0,0,0,20200519,20200817
249,0,0,0,0,0,0,0,20200519,20200817
250,0,0,0,0,0,0,0,20200519,20200817
252,1,1,1,1,1,0,0,20200519,20200817
254,0,0,0,0,0,0,0,20200519,20200817
255,0,0,0,0,0,0,0,20200519,20200817
256,0,0,0,0,0,0,0,20200519,20200817
257,0,0,0,0,0,0,0,20200519,20200817
262,0,0,0,0,0,0,0,20200519,20200817
263,0,0,0,0,0,0,0,20200519,20200817
264,0,0,0,0,0,0,0,20200519,20200817
265,0,0,0,0,0,0,0,20200519,20200817
266,0,0,0,0,0,0,0,20200519,20200817
267,0,0,0,0,0,0,0,20200519,20200817
268,0,0,0,0,0,0,0,20200519,20200817
269,0,0,0,0,0,0,0,20200519,20200817
271,0,0,0,0,0,0,0,20200519,20200817
272,0,0,0,0,0,0,0,20200519,20200817
285,0,0,0,0,0,0,0,20200519,20200817
286,0,0,0,0,0,0,0,20200519,20200817
287,0,0,0,0,0,0,0,20200519,20200817
288,0,0,0,0,0,0,0,20200519,20200817
336,0,0,0,0,0,0,0,20200519,20200817
337,0,0,0,0,0,0,0,20200519,20200817
338,0,0,0,0,0,0,0,20200519,20200817
339,0,0,0,0,0,0,0,20200519,20200817
340,0,0,0,0,0,0,0,20200519,20200817
341,0,0,0,0,0,0,0,20200519,20200817
342,0,0,0,0,0,0,0,20200519,20200817
343,0,0,0,0,0,0,0,20200519,20200817
344,0,0,0,0,0,0,0,20200519,20200817
345,0,0,0,0,0,0,0,20200519,20200817
346,0,0,0,0,0,0,0,20200519,20200817
347,0,0,0,0,0,0,0,20200519,20200817
348,0,0,0,0,0,0,0,20200519,20200817
349,0,0,0,0,0,0,0,20200519,20200817
350,0,0,0,0,0,0,0,20200519,20200817
351,0,0,0,0,0,0,0,20200519,20200817
352,1,1,1,1,1,0,0,20200519,20200817
353,1,1,1,1,1,0,0,20200519,20200817
354,0,0,0,0,0,1,0,20200519,20200817
357,1,1,1,1,1,0,0,20200519,20200817
358,1,1,1,1,1,0,0,20200519,20200817
359,1,1,1,1,1,0,0,20200519,20200817
360,1,1,1,1,1,0,0,20200519,20200817
361,1,1,1,1,1,0,0,20200519,20200817
362,1,1,1,1,1,0,0,20200519,20200817
369,0,0,0,0,0,1,0,20200519,20200817
370,0,0,0,0,0,1,0,20200519,20200817
371,0,0,0,0,0,1,0,20200519,20200817
372,0,0,0,0,0,1,0,20200519,20200817
373,0,0,0,0,0,1,0,20200519,20200817
374,0,0,0,0,0,1,0,20200519,20200817
375,0,0,0,0,0,0,1,20200519,20200817
376,0,0,0,0,0,0,1,20200519,20200817
377,0,0,0,0,0,0,1,20200519,20200817
378,0,0,0,0,0,0,1,20200519,20200817
379,0,0,0,0,0,0,1,20200519,20200817
380,0,0,0,0,0,0,1,20200519,20200817
394,0,0,0,0,0,0,0,20200519,20200817
395,0,0,0,0,0,0,0,20200519,20200817
396,0,0,0,0,0,0,0,20200519,20200817
397,0,0,0,0,0,0,0,20200519,20200817
413,0,0,0,0,0,0,0,20200519,20200817
414,1,0,1,0,1,0,0,20200519,20200817
415,0,0,0,0,0,0,0,20200519,20200817
421,1,1,1,1,1,0,0,20200519,20200817
437,0,0,0,0,0,0,1,20200519,20200817
444,0,1,0,1,0,0,0,20200519,20200817
445,0,0,0,0,0,1,0,20200519,20200817
446,0,0,0,0,0,1,0,20200519,20200817
447,0,0,0,0,0,1,0,20200519,20200817
448,0,0,0,0,0,1,0,20200519,20200817
449,0,0,0,0,0,1,0,20200519,20200817
450,0,0,0,0,0,1,0,20200519,20200817
471,0,1,1,1,0,0,0,20200519,20200817
472,1,1,1,1,1,0,0,20200519,20200817
473,1,1,1,1,1,0,0,20200519,20200817
474,1,1,1,1,1,0,0,20200519,20200817
475,0,0,0,1,0,0,0,20200519,20200817
476,0,0,0,0,1,0,0,20200519,20200817
477,0,0,0,0,0,1,0,20200519,20200817
478,1,1,1,1,1,0,0,20200519,20200817
479,0,0,0,0,0,1,0,20200519,20200817
480,0,0,0,0,1,0,0,20200519,20200817
482,0,0,0,0,0,1,0,20200519,20200817
483,1,0,0,0,1,0,0,20200519,20200817
484,0,1,0,1,0,0,0,20200519,20200817
485,1,1,1,1,1,0,0,20200519,20200817
486,0,0,1,0,0,0,0,20200519,20200817
487,0,0,0,0,0,0,1,20200519,20200817
488,1,1,1,1,1,0,0,20200519,20200817
492,0,0,0,1,0,0,0,20200519,20200817
493,1,1,1,1,1,0,0,20200519,20200817
494,1,1,1,1,1,0,0,20200519,20200817
497,0,0,0,0,0,1,0,20200519,20200817
499,0,0,1,0,0,0,0,20200519,20200817
500,0,1,0,0,0,0,0,20200519,20200817
501,1,1,1,0,1,0,0,20200519,20200817
502,1,1,0,1,1,0,0,20200519,20200817
503,1,0,1,1,1,0,0,20200519,20200817
504,1,1,1,0,1,0,0,20200519,20200817
505,0,0,0,0,0,1,0,20200519,20200817
S73620_456,0,0,0,0,0,1,0,20200524,20200817
S73620_454,0,0,0,0,0,1,0,20200524,20200817
S73621_456,0,0,0,0,0,1,0,20200524,20200817
S73621_454,0,0,0,0,0,1,0,20200524,20200817
S61868_32,1,1,1,1,1,0,0,20200519,20200523
S61868_14,0,0,0,0,0,1,0,20200519,20200523
S61868_21,0,0,0,0,0,0,1,20200519,20200523
S73622_32,1,1,1,1,1,0,0,20200524,20200817
S73622_14,0,0,0,0,0,1,0,20200524,20200817
S73622_21,0,0,0,0,0,0,1,20200524,20200817
S61869_32,1,1,1,1,1,0,0,20200519,20200523
S73623_32,1,1,1,1,1,0,0,20200524,20200817
S61871_15,1,1,1,1,1,0,0,20200519,20200523
S73624_15,1,1,1,1,1,0,0,20200524,20200817
S61872_32,1,1,1,1,1,0,0,20200519,20200523
S61872_14,0,0,0,0,0,1,0,20200519,20200523
S61872_21,0,0,0,0,0,0,1,20200519,20200523
S73625_32,1,1,1,1,1,0,0,20200524,20200817
S73625_14,0,0,0,0,0,1,0,20200524,20200817
S73625_21,0,0,0,0,0,0,1,20200524,20200817
S61873_35,0,0,0,1,0,0,0,20200519,20200523
S61873_40,1,1,1,0,1,0,0,20200519,20200523
S73626_35,0,0,0,1,0,0,0,20200524,20200817
S73626_40,1,1,1,0,1,0,0,20200524,20200817
S61874_32,1,1,1,1,1,0,0,20200519,20200523
S73627_32,1,1,1,1,1,0,0,20200524,20200817
S66858_32,1,1,1,1,1,0,0,20200519,20200523
S66858_14,0,0,0,0,0,1,0,20200519,20200523
S66858_13,1,1,1,1,1,0,0,20200519,20200523
S66858_21,0,0,0,0,0,0,1,20200519,20200523
S73590_32,1,1,1,1,1,0,0,20200524,20200817
S73590_14,0,0,0,0,0,1,0,20200524,20200817
S73590_13,1,1,1,1,1,0,0,20200524,20200817
S73590_21,0,0,0,0,0,0,1,20200524,20200817
S66859_14,0,0,0,0,0,1,0,20200519,20200523
S66859_21,0,0,0,0,0,0,1,20200519,20200523
S73591_14,0,0,0,0,0,1,0,20200524,20200817
S73591_21,0,0,0,0,0,0,1,20200524,20200817
S66860_15,1,1,1,1,1,0,0,20200519,20200523
S73592_15,1,1,1,1,1,0,0,20200524,20200817
S66861_15,1,1,1,1,1,0,0,20200519,20200523
S73593_15,1,1,1,1,1,0,0,20200524,20200817
S68698_32,1,1,1,1,1,0,0,20200519,20200523
S68698_14,0,0,0,0,0,1,0,20200519,20200523
S68698_21,0,0,0,0,0,0,1,20200519,20200523
S73594_32,1,1,1,1,1,0,0,20200524,20200817
S73594_14,0,0,0,0,0,1,0,20200524,20200817
S73594_21,0,0,0,0,0,0,1,20200524,20200817
S66853_32,1,1,1,1,1,0,0,20200519,20200523
S66853_13,1,1,1,1,1,0,0,20200519,20200523
S66853_14,0,0,0,0,0,1,0,20200519,20200523
S66853_21,0,0,0,0,0,0,1,20200519,20200523
S73595_32,1,1,1,1,1,0,0,20200524,20200817
S73595_13,1,1,1,1,1,0,0,20200524,20200817
S73595_14,0,0,0,0,0,1,0,20200524,20200817
S73595_21,0,0,0,0,0,0,1,20200524,20200817
S66852_14,0,0,0,0,0,1,0,20200519,20200523
S66852_21,0,0,0,0,0,0,1,20200519,20200523
S73596_14,0,0,0,0,0,1,0,20200524,20200817
S73596_21,0,0,0,0,0,0,1,20200524,20200817
S66854_15,1,1,1,1,1,0,0,20200519,20200523
S73597_15,1,1,1,1,1,0,0,20200524,20200817
S66855_15,1,1,1,1,1,0,0,20200519,20200523
S73598_15,1,1,1,1,1,0,0,20200524,20200817
S66856_15,1,1,1,1,1,0,0,20200519,20200523
S73599_15,1,1,1,1,1,0,0,20200524,20200817
S66857_15,1,1,1,1,1,0,0,20200519,20200523
S73600_15,1,1,1,1,1,0,0,20200524,20200817
S68699_32,1,1,1,1,1,0,0,20200519,20200523
S68699_14,0,0,0,0,0,1,0,20200519,20200523
S68699_21,0,0,0,0,0,0,1,20200519,20200523
S73601_32,1,1,1,1,1,0,0,20200524,20200817
S73601_14,0,0,0,0,0,1,0,20200524,20200817
S73601_21,0,0,0,0,0,0,1,20200524,20200817
S71178_482,0,0,0,0,0,1,0,20200519,20200530
S71178_487,0,0,0,0,0,0,1,20200519,20200530
S71178_488,1,1,1,1,1,0,0,20200519,20200530
S73560_482,0,0,0,0,0,1,0,20200531,20200817
S73560_487,0,0,0,0,0,0,1,20200531,20200817
S73560_488,1,1,1,1,1,0,0,20200531,20200817
S71408_485,1,1,1,1,1,0,0,20200519,20200530
S71408_488,1,1,1,1,1,0,0,20200519,20200530
S73561_485,1,1,1,1,1,0,0,20200531,20200817
S73561_488,1,1,1,1,1,0,0,20200531,20200817
S71188_482,0,0,0,0,0,1,0,20200519,20200530
S71188_487,0,0,0,0,0,0,1,20200519,20200530
S71188_488,1,1,1,1,1,0,0,20200519,20200530
S73562_482,0,0,0,0,0,1,0,20200531,20200817
S73562_487,0,0,0,0,0,0,1,20200531,20200817
S73562_488,1,1,1,1,1,0,0,20200531,20200817
S71199_481,1,1,1,1,1,0,0,20200519,20200530
S71199_488,1,1,1,1,1,0,0,20200519,20200530
S73563_481,1,1,1,1,1,0,0,20200531,20200817
S73563_488,1,1,1,1,1,0,0,20200531,20200817
S71129_454,0,0,0,0,0,1,0,20200519,20200523
S71130_454,0,0,0,0,0,1,0,20200519,20200523
S70870_42,1,1,0,1,1,0,0,20200519,20200523
S70870_19,0,0,1,0,0,0,0,20200519,20200523
S73680_42,1,1,0,1,1,0,0,20200524,20200817
S73680_19,0,0,1,0,0,0,0,20200524,20200817
S71307_453,0,0,0,0,0,1,0,20200519,20200523
S71101_453,0,0,0,0,0,1,0,20200519,20200523
S71103_453,0,0,0,0,0,1,0,20200519,20200523
S71278_453,0,0,0,0,0,1,0,20200519,20200523
S71279_453,0,0,0,0,0,1,0,20200519,20200523
S71280_453,0,0,0,0,0,1,0,20200519,20200523
S73612_455,0,0,0,0,0,1,0,20200524,20200817
S73612_453,0,0,0,0,0,1,0,20200524,20200817
S73613_455,0,0,0,0,0,1,0,20200524,20200817
S73613_453,0,0,0,0,0,1,0,20200524,20200817
S73614_455,0,0,0,0,0,1,0,20200524,20200817
S73614_453,0,0,0,0,0,1,0,20200524,20200817
S63577_32,1,1,1,1,1,0,0,20200519,20200523
S63577_13,1,1,1,1,1,0,0,20200519,20200523
S73628_32,1,1,1,1,1,0,0,20200524,20200817
S73628_13,1,1,1,1,1,0,0,20200524,20200817
S70048_32,1,1,1,1,1,0,0,20200519,20200523
S70048_14,0,0,0,0,0,1,0,20200519,20200523
S70048_21,0,0,0,0,0,0,1,20200519,20200523
S70048_192,1,0,0,0,0,0,0,20200519,20200523
S73644_32,1,1,1,1,1,0,0,20200524,20200817
S73644_14,0,0,0,0,0,1,0,20200524,20200817
S73644_21,0,0,0,0,0,0,1,20200524,20200817
S73644_192,1,0,0,0,0,0,0,20200524,20200817
S70050_32,1,1,1,1,1,0,0,20200519,20200523
S70050_14,0,0,0,0,0,1,0,20200519,20200523
S70050_21,0,0,0,0,0,0,1,20200519,20200523
S70050_192,1,0,0,0,0,0,0,20200519,20200523
S73645_32,1,1,1,1,1,0,0,20200524,20200817
S73645_14,0,0,0,0,0,1,0,20200524,20200817
S73645_21,0,0,0,0,0,0,1,20200524,20200817
S73645_192,1,0,0,0,0,0,0,20200524,20200817
S70042_32,1,1,1,1,1,0,0,20200519,20200523
S73646_32,1,1,1,1,1,0,0,20200524,20200817
S70043_32,1,1,1,1,1,0,0,20200519,20200523
S73647_32,1,1,1,1,1,0,0,20200524,20200817
S70044_32,1,1,1,1,1,0,0,20200519,20200523
S73648_32,1,1,1,1,1,0,0,20200524,20200817
S70045_32,1,1,1,1,1,0,0,20200519,20200523
S73649_32,1,1,1,1,1,0,0,20200524,20200817
S70046_32,1,1,1,1,1,0,0,20200519,20200523
S73650_32,1,1,1,1,1,0,0,20200524,20200817
S70047_32,1,1,1,1,1,0,0,20200519,20200523
S73651_32,1,1,1,1,1,0,0,20200524,20200817
S70226_15,1,1,1,1,1,0,0,20200519,20200523
S73668_15,1,1,1,1,1,0,0,20200524,20200817
S70230_15,1,1,1,1,1,0,0,20200519,20200523
S73669_15,1,1,1,1,1,0,0,20200524,20200817
S71156_15,1,1,1,1,1,0,0,20200519,20200523
S73670_15,1,1,1,1,1,0,0,20200524,20200817
T2340040,1,1,1,1,1,0,0,20200519,20200817
T2340041,1,1,1,1,1,0,0,20200519,20200817
T2340042,1,1,1,1,1,0,0,20200519,20200817
T2340043,1,1,1,1,1,0,0,20200519,20200817
T2340201,1,1,1,1,1,0,0,20200519,20200817
T2340202,1,1,1,1,1,0,0,20200519,20200817
T2340203,1,1,1,1,1,0,0,20200519,20200817
T2340204,1,1,1,1,1,0,0,20200519,20200817
T2340391,1,1,1,1,1,0,0,20200519,20200817
T2340392,1,1,1,1,1,0,0,20200519,20200817
T2340393,1,1,1,1,1,0,0,20200519,20200817
T2340394,1,1,1,1,1,0,0,20200519,20200817
T2340395,1,1,1,1,1,0,0,20200519,20200817
T2340396,1,1,1,1,1,0,0,20200519,20200817
T2340397,1,1,1,1,1,0,0,20200519,20200817
T2340398,1,1,1,1,1,0,0,20200519,20200817
T2340399,1,1,1,1,1,0,0,20200519,20200817
T2340400,1,1,1,1,1,0,0,20200519,20200817
T2340805,0,0,0,0,0,0,1,20200519,20200817
T2340806,0,0,0,0,0,0,1,20200519,20200817
T2340807,0,0,0,0,0,0,1,20200519,20200817
T2340808,0,0,0,0,0,0,1,20200519,20200817
T2340809,0,0,0,0,0,0,1,20200519,20200817
T2340810,0,0,0,0,0,0,1,20200519,20200817
T2340811,0,0,0,0,0,0,1,20200519,20200817
T2340812,0,0,0,0,0,0,1,20200519,20200817
T2340832,1,1,1,1,1,0,0,20200519,20200817
T2340833,1,1,1,1,1,0,0,20200519,20200817
T2340834,1,1,1,1,1,0,0,20200519,20200817
T2340835,1,1,1,1,1,0,0,20200519,20200817
T2340836,1,1,1,1,1,0,0,20200519,20200817
T2340842,1,1,1,1,1,0,0,20200519,20200817
T2340843,1,1,1,1,1,0,0,20200519,20200817
T2340844,1,1,1,1,1,0,0,20200519,20200817
T2340845,1,1,1,1,1,0,0,20200519,20200817
T2340846,1,1,1,1,1,0,0,20200519,20200817
T2340847,1,1,1,1,1,0,0,20200519,20200817
T2340978,0,0,0,0,0,0,1,20200519,20200817
T2340979,0,0,0,0,0,0,1,20200519,20200817
T2340980,0,0,0,0,0,0,1,20200519,20200817
T2340981,0,0,0,0,0,0,1,20200519,20200817
T2340982,0,0,0,0,0,0,1,20200519,20200817
T2340983,0,0,0,0,0,0,1,20200519,20200817
T2341142,1,1,1,1,1,0,0,20200519,20200817
T2341143,1,1,1,1,1,0,0,20200519,20200817
T2341144,1,1,1,1,1,0,0,20200519,20200817
T2341145,1,1,1,1,1,0,0,20200519,20200817
T2341146,1,1,1,1,1,0,0,20200519,20200817
T2341147,1,1,1,1,1,0,0,20200519,20200817
T2341416,1,1,1,1,1,0,0,20200519,20200817
T2341417,1,1,1,1,1,0,0,20200519,20200817
T2341418,1,1,1,1,1,0,0,20200519,20200817
T2341419,1,1,1,1,1,0,0,20200519,20200817
T2341420,1,1,1,1,1,0,0,20200519,20200817
T2341421,1,1,1,1,1,0,0,20200519,20200817
T2341422,1,1,1,1,1,0,0,20200519,20200817
T2341423,1,1,1,1,1,0,0,20200519,20200817
T2341424,1,1,1,1,1,0,0,20200519,20200817
T2341425,1,1,1,1,1,0,0,20200519,20200817
T2341843,1,1,1,1,1,0,0,20200519,20200817
T2341844,1,1,1,1,1,0,0,20200519,20200817
T2341845,1,1,1,1,1,0,0,20200519,20200817
T2341846,1,1,1,1,1,0,0,20200519,20200817
T2341847,1,1,1,1,1,0,0,20200519,20200817
T2341848,1,1,1,1,1,0,0,20200519,20200817
T2341849,1,1,1,1,1,0,0,20200519,20200817
T2341850,1,1,1,1,1,0,0,20200519,20200817
T2341851,1,1,1,1,1,0,0,20200519,20200817
T2342532,1,1,1,1,1,0,0,20200519,20200817
T2342542,1,1,1,1,1,0,0,20200519,20200817
T2342543,1,1,1,1,1,0,0,20200519,20200817
T2342544,1,1,1,1,1,0,0,20200519,20200817
T2342545,1,1,1,1,1,0,0,20200519,20200817
T2342546,1,1,1,1,1,0,0,20200519,20200817
T2342547,1,1,1,1,1,0,0,20200519,20200817
T2342741,1,1,1,1,1,0,0,20200519,20200817
T2342742,1,1,1,1,1,0,0,20200519,20200817
T2342743,1,1,1,1,1,0,0,20200519,20200817
T2342744,1,1,1,1,1,0,0,20200519,20200817
T2342745,1,1,1,1,1,0,0,20200519,20200817
T2342746,1,1,1,1,1,0,0,20200519,20200817
T2342747,1,1,1,1,1,0,0,20200519,20200817
T2342748,1,1,1,1,1,0,0,20200519,20200817
T2342855,0,0,0,0,0,0,1,20200519,20200817
T2342856,0,0,0,0,0,0,1,20200519,20200817
T2342857,0,0,0,0,0,0,1,20200519,20200817
T2342858,0,0,0,0,0,0,1,20200519,20200817
T2342859,0,0,0,0,0,0,1,20200519,20200817
T2342860,0,0,0,0,0,0,1,20200519,20200817
T2342861,0,0,0,0,0,0,1,20200519,20200817
T2342985,0,0,0,0,0,0,1,20200519,20200817
T2342986,0,0,0,0,0,0,1,20200519,20200817
T2342987,0,0,0,0,0,0,1,20200519,20200817
T2342988,0,0,0,0,0,0,1,20200519,20200817
T2343217,1,1,1,1,1,0,0,20200519,20200817
T2343218,1,1,1,1,1,0,0,20200519,20200817
T2343219,1,1,1,1,1,0,0,20200519,20200817
T2343220,1,1,1,1,1,0,0,20200519,20200817
T2343259,1,1,1,1,1,0,0,20200519,20200817
T2343260,1,1,1,1,1,0,0,20200519,20200817
T2343261,1,1,1,1,1,0,0,20200519,20200817
T2343262,1,1,1,1,1,0,0,20200519,20200817
T2343263,1,1,1,1,1,0,0,20200519,20200817
T2343264,1,1,1,1,1,0,0,20200519,20200817
T2343265,1,1,1,1,1,0,0,20200519,20200817
T2343266,1,1,1,1,1,0,0,20200519,20200817
T2391595,1,1,1,1,1,0,0,20200519,20200817
T2391596,1,1,1,1,1,0,0,20200519,20200817
T2391597,1,1,1,1,1,0,0,20200519,20200817
T2391598,1,1,1,1,1,0,0,20200519,20200817
T2391599,1,1,1,1,1,0,0,20200519,20200817
T2391600,1,1,1,1,1,0,0,20200519,20200817
T2391601,1,1,1,1,1,0,0,20200519,20200817
T2391602,1,1,1,1,1,0,0,20200519,20200817
T2391955,1,1,1,1,1,0,0,20200519,20200817
T2392082,1,1,1,1,1,0,0,20200519,20200817
T2392083,1,1,1,1,1,0,0,20200519,20200817
T2392084,1,1,1,1,1,0,0,20200519,20200817
T2392085,1,1,1,1,1,0,0,20200519,20200817
T2392086,1,1,1,1,1,0,0,20200519,20200817
T2392087,1,1,1,1,1,0,0,20200519,20200817
T2392088,1,1,1,1,1,0,0,20200519,20200817
